50212640982,0.02032479245346113
50212673583,0.03559120638102843
50212707344,0.023528287861661307
50212742569,0.03299537469503499
50212776221,0.03532190671154408
50212808637,0.03838205007403237
50212922787,0.0533953747164647
50213177558,0.03243236729103904
50213426669,0.03301008696628565
50213602912,0.0679611712924366
50213806405,0.02452401558863278
50213950710,0.10617878040295609
50213987411,0.12423663550120512
50214011000,0.12847042789552127
50214035651,0.07597445472503524
50214066983,0.051319963380833646
50214101838,0.01868263983774822
50214136110,0.029168141140343214
50214172178,0.03353983809513044
50214208920,0.0453291210876619
50214245403,0.029904902360094646
50214279934,0.030102856624267246
50214311055,0.07121986774650196
50214338313,0.052633097744111776
50214368697,0.034274854663021194
50214404638,0.03163673029667578
50214440816,0.031202618136064092
50214475913,0.023345389871710885
50214510488,0.024317933849480392
50214545647,0.023904923226438293
50214580675,0.02995720535040587
50214614445,0.020279568422140692
50214648378,0.03537105709134423
50214685345,0.046643194874088065
50214718863,0.10659543666672842
50214752132,0.02069634329597363
50214789416,0.02422745673083317
50214825148,0.021937174358280045
50214859849,0.02312658048142171
50214894997,0.026874407566231797
50214932268,0.05313120479348426
50214963447,0.17369795130104643
50214990957,0.05982877027416918
50215022947,0.03910889597737747
50215056559,0.02817762995300318
50215090043,0.03475630343544505
50215277633,0.045883548107554906
50215491775,0.1132457877313606
50215675179,0.07079568742059586
50215964766,0.06643861751303398
50216236268,0.030612783341431762
50216498265,0.05598273310580713
50216857907,0.046857882647044206
50217225816,0.05379658717492086
50217499423,0.043706394873352046
50217786070,0.07446083129902722
50218058549,0.03128706831380637
50218312661,0.06409881495282084
50218596106,0.06909054576676169
50218881079,0.059545653174990644
50219060895,0.025017422650158275
50219115246,0.03758898322505168
50219149981,0.03276807112990413
50219184886,0.018963231669935736
50219219321,0.03675221616622466
50219253469,0.04409607518403028
50219288045,0.03851578618390108
50219323338,0.04780051488318608
50219358057,0.04550230577514873
50219393607,0.05002820568827834
50219424190,0.11495833727363866
50219454436,0.03460001256712032
50219491371,0.019610510720802117
50219527151,0.027859868834078032
50219558906,0.04253082083497198
50219588071,0.042697953345944846
50219620357,0.032495782806622006
50219655589,0.015178818438538898
50219691723,0.01535039537392832
50219728073,0.021471607523750134
50219763326,0.03284743427987535
50219794777,0.06362545341490339
50219827035,0.03256718949860588
50219862440,0.037173130909725925
50219898113,0.02502437843227771
50219934421,0.027254544892777153
50219969978,0.02085727768765802
50220004966,0.0481991196894049
50220039262,0.13852261846501995
50220074460,0.04697583010289672
50220110718,0.029502350227908074
50220146871,0.03128869885373549
50220182850,0.15727771885995995
50220212837,0.15530084118541465
50220240042,0.05924475099652202
50220273723,0.034460972122900196
50220309875,0.03757870964169595
50220346403,0.031441125214109515
50220382498,0.03837476691113717
50220419113,0.029546202833768104
50220456075,0.029729745199697667
50220491533,0.02703556795384955
50220527573,0.024498112438238875
50220563618,0.031514377464317525
50220599877,0.02958231024451131
50220636505,0.027033193690717168
50220672914,0.10038772947699098
50220703875,0.15232426331159976
50220735345,0.02354375604845345
50220771815,0.028219681256281156
50220807054,0.07269637090890428
50220843241,0.0358695818527299
50220879389,0.030208292092129538
50220911266,0.10071856997053129
50220940665,0.07286385092781104
50220973099,0.03592323216603735
50221007545,0.032670672606013744
50221042166,0.03263626901779875
50221078158,0.019677978276399773
50221114758,0.034342798050146006
50221149977,0.026791379749358444
50221185654,0.025701070452598816
50221221184,0.025861557087407862
50221256079,0.027497151455866033
50221290097,0.056612653205899116
50221320466,0.16728066255316848
50221352213,0.03250179874322609
50221388940,0.027694779150177335
50221426454,0.028608963959165908
50221462221,0.14377627611812993
50221496627,0.032923026822174455
50221532271,0.03576148948797856
50221567804,0.03133064039080144
50221603518,0.029166756585130068
50221639542,0.030471675072786666
50221675665,0.023878925457102143
50221711558,0.028068527744177982
50221746524,0.03162578754066048
50221781481,0.024697638823789465
50221816481,0.04079456518010478
50221852695,0.028885976948020545
50221888607,0.03198646494497517
50221918677,0.16295677481820578
50221949293,0.086915522474893
50221980946,0.10874222619619062
50222011863,0.04346155979985961
50222047083,0.02982629598412771
50222084347,0.08329497844269579
50222116066,0.1829401931885408
50222145615,0.039175288924732175
50222180096,0.029813192025985983
50222214970,0.033195812788191344
50222250068,0.02767143189542385
50222285666,0.026561716125992327
50222321609,0.027815861161901018
50222356785,0.019721506720507914
50222392667,0.030609564043342433
50222428606,0.0362107596988718
50222463353,0.02344705094444421
50222498067,0.027077314737150585
50222532908,0.021300759951013094
50222570664,0.018932957930608573
50222603516,0.12572094833535383
50222628688,0.130450381514189
50222658764,0.02206714016039754
50222693988,0.03479480340959255
50222731314,0.08894947204433547
50222764772,0.09160426815903355
50222795838,0.058403337975775994
50222826182,0.1607621483194102
50222857127,0.032209736475819664
50222889749,0.10144188608346869
50222916775,0.20680348178017335
50222945052,0.04619832038180014
50222977890,0.054703935693097235
50223034915,0.03220553354785144
50223149453,0.011065997079219273
50223317979,0.04921339071636728
50223534528,0.05498749706875195
50223716568,0.06025953180020673
50223845346,0.03463703412833708
50224023963,0.040021313165694364
50224224921,0.021603895297298868
50224424122,0.050034556666953875
50224671782,0.09226318306213467
50224941759,0.0747525566840421
50225188904,0.053617093428170066
50225383958,0.021281283415400754
50225539274,0.01369995676789174
50225687864,0.014628532225153102
50225830651,0.02259206794286301
50225976174,0.01497281021611355
50226126071,0.02389561635826868
50226286412,0.027957948592439445
50226470964,0.029947214679636566
50226686663,0.02531828302493357
50226930599,0.025805141018309444
50227070521,0.14081077753638976
50227099550,0.054818944269973496
50227131866,0.06074403681794448
50227163865,0.03999772440989585
50227198401,0.04332405231564812
50227232743,0.028285177923034692
50227266965,0.0413168382504191
50227302513,0.033987129776094756
50227338627,0.03914503088088278
50227374164,0.18799395162803617
50227403647,0.16020835375226838
50227429470,0.07895488016945464
50227461072,0.035761329514011675
50227496253,0.026223705674025495
50227531297,0.01568230417557079
50227566272,0.01663486683762176
50227601570,0.02337443847536226
50227636746,0.018276594792821992
50227672050,0.026625317868566815
50227707344,0.02740233190373768
50227743269,0.03855384553247818
50227780218,0.01946787330346641
50227816787,0.032034106740253795
50227853004,0.026687576500204903
50227889277,0.033297989013557516
50227921940,0.0682327662862806
50227954632,0.03367523917562876
50227991000,0.15577477904346756
50228023238,0.10291862288316535
50228054848,0.02998816625756055
50228089824,0.036091153145527015
50228125925,0.044396034141050714
50228162972,0.026554576512760164
50228197578,0.028612030713119175
50228228795,0.0619733851681874
50228261963,0.04375622172762877
50228298839,0.037123191155597375
50228334786,0.049834910638091943
50228370078,0.024674782085470585
50228406884,0.03123444568325094
50228443523,0.028344924199846987
50228478572,0.032377877042205086
50228512872,0.02653719276830091
50228548017,0.026894633424796283
50228584378,0.02798356093212864
50228623375,0.06923225686938575
50228655990,0.17072477877570447
50228679892,0.14385512021596053
50228707009,0.0582755208927556
50228739915,0.042838978521011546
50228776384,0.02851182365251505
50228813582,0.028806769544083597
50228849888,0.030960864718153732
50228885553,0.03600793344562083
50228920495,0.039573109713909635
50228954621,0.02665450419438883
50228989601,0.030968967780775295
50229025218,0.030599112791297775
50229061322,0.019598826640428762
50229097170,0.02509428021386159
50229132840,0.027769366908376766
50229168604,0.03838273659384305
50229204435,0.027617259852854376
50229241021,0.03378907259651077
50229277188,0.16430592949155898
50229307138,0.15590409647610826
50229337100,0.05228107801945807
50229372311,0.03240203787222275
50229407551,0.03489830067029812
50229442782,0.042452659118789815
50229479147,0.033250422622633884
50229516277,0.05056992760013805
50229551871,0.0421805945396093
50229587128,0.038444242287754296
50229617326,0.15627612283840708
50229647470,0.04756761094532718
50229682694,0.03721887127630288
50229718465,0.042254068064345264
50229753754,0.0403049814449125
50229789395,0.039563141331512806
50229825162,0.030378214832103515
50229860720,0.03617884116226061
50229898832,0.10619235936772214
50229936044,0.05632557207197997
50229971917,0.03191309233540216
50230008294,0.0240516818589349
50230043394,0.026308449551431492
50230079422,0.03190366544852977
50230115392,0.03464091644605427
50230150995,0.02810157613793829
50230186483,0.03589220919883675
50230223119,0.033010331018539237
50230259327,0.021207634485797645
50230294446,0.0405595912995361
50230330544,0.02795147729100162
50230367039,0.034651291577305975
50230402054,0.042485984689563015
50230437444,0.028195743480099057
50230473159,0.027783443751038285
50230507999,0.036031941733262476
50230546289,0.04479298087411279
50230584121,0.03394829767772096
50230619993,0.03582536056907773
50230657709,0.025985586367457625
50230693880,0.030243297584903153
50230728589,0.034336392801647
50230764031,0.023975311932296392
50230799566,0.04601493554852948
50230834080,0.03910079988420353
50230868540,0.03552975744837855
50230903069,0.043889437585478676
50230938065,0.033499181787396824
50230974344,0.0380385328968708
